000065
000517
000584
000595
000656
000659
000710
000767
000768
000797
000885
000928
000930
000961
000980
000981
002034
002043
002053
002075
002093
002098
002105
002136
002163
002169
002182
002195
002210
002212
002245
002265
002268
002329
002346
002352
002407
002448
002460
002488
002568
002592
002593
002616
002634
002651
002677
002695
002699
002709
300031
300063
300072
300073
300098
300116
300136
300159
300174
300175
300176
300180
300188
300222
300235
300266
300281
300317
300327
300359
300376
300377
600035
600069
600131
600184
600198
600202
600240
600280
600301
600308
600487
600491
600528
600568
600569
600682
600698
600701
600735
600760
601012
601116
601186
601566
601618
601669
601727